positive/1724270895.3673189.jpg 3 766 75 32 74 831 2 30 69 464 20 53 76
positive/1724270896.6987135.jpg 3 741 100 53 74 837 1 39 69 446 9 43 92
positive/1724270897.8951876.jpg 3 730 115 40 75 799 6 46 79 449 4 40 79
positive/1724270900.932666.jpg 3 507 166 43 75 372 289 52 80 174 148 48 89
positive/1724270901.6336355.jpg 3 527 178 51 79 371 302 50 74 157 146 50 83
positive/1724270902.288178.jpg 3 542 200 48 86 369 310 47 68 167 141 57 83
positive/1724270903.0671544.jpg 3 553 227 56 90 340 309 57 71 194 141 44 82
positive/1724270903.7486677.jpg 3 556 247 47 80 307 301 65 74 211 125 47 85
positive/1724270907.5295494.jpg 2 216 306 53 80 272 144 52 85
positive/1724270908.3714654.jpg 2 275 159 52 68 195 326 67 68
positive/1724270921.719661.jpg 1 87 71 59 86
positive/1724270922.5322485.jpg 1 90 55 43 91
positive/1724270923.7702658.jpg 1 77 37 45 86
positive/1724270927.5702322.jpg 2 731 155 49 89 325 344 48 85
positive/1724270928.3043773.jpg 2 747 148 59 90 303 355 66 78
positive/1724270938.295516.jpg 2 809 61 41 90 301 201 58 79
positive/1724270939.200213.jpg 2 827 66 47 83 296 184 54 94
positive/1724270940.179204.jpg 2 853 62 52 85 275 170 63 95
positive/1724270941.6937768.jpg 2 902 73 49 76 264 147 54 95
positive/1724270945.0971713.jpg 2 955 90 52 83 250 95 58 92
positive/1724270947.7792594.jpg 2 877 92 52 77 274 93 48 70
positive/1724270951.7956934.jpg 2 680 177 68 88 1233 223 45 90
positive/1724270952.687264.jpg 2 712 196 47 77 1210 233 47 86
positive/1724270953.8337502.jpg 2 743 203 43 77 1197 243 48 80
positive/1724270954.9871976.jpg 2 1203 266 43 88 712 227 58 75
positive/1724270956.0023246.jpg 2 673 231 47 102 1206 276 47 84
positive/1724270957.2452881.jpg 1 1209 268 43 93
positive/1724270959.8602943.jpg 1 857 82 52 88
positive/1724270960.6409664.jpg 1 843 72 47 96
positive/1724271003.712664.jpg 1 214 47 69 84
positive/1724271004.747146.jpg 1 256 44 46 72
positive/1724271005.702162.jpg 1 276 41 61 81
positive/1724271006.6283884.jpg 1 309 36 58 88
positive/1724271007.8145132.jpg 1 342 43 64 87
positive/1724271009.5406144.jpg 1 389 33 50 90
positive/1724288229.6659496.jpg 1 331 127 56 100
positive/1724288232.1888542.jpg 1 276 94 65 99
positive/1724288236.4124308.jpg 1 376 337 58 102
positive/1724288239.5288427.jpg 1 833 421 61 84
positive/1724288245.635387.jpg 1 575 155 50 91
positive/1724288247.0422323.jpg 1 596 170 63 87
positive/1724288248.360314.jpg 1 622 187 65 88
positive/1724290390.855333.jpg 1 912 393 57 100
positive/1724290393.890623.jpg 1 946 363 43 92
positive/1724290396.422904.jpg 1 957 359 47 85
positive/1724290401.8400087.jpg 2 818 130 60 70 208 388 52 80
positive/1724290422.3346343.jpg 2 322 239 46 78 283 167 50 69
positive/1724290424.9982016.jpg 2 375 220 40 86 239 184 52 85
positive/1724290426.667094.jpg 2 378 247 47 68 188 172 50 74
positive/1724290428.4179676.jpg 2 405 254 54 78 197 189 55 75
positive/1724290430.571354.jpg 2 449 227 54 92 242 185 53 80
positive/1724290434.618634.jpg 2 661 170 48 72 809 188 56 81
positive/1724290436.893772.jpg 2 720 210 55 84 633 158 60 93
positive/1724290440.8184621.jpg 2 360 378 50 78 278 279 45 72
positive/1724290442.895499.jpg 2 305 255 54 85 369 399 49 82
positive/1724290447.025705.jpg 2 78 292 52 86 108 159 51 77
positive/1724290524.2905567.jpg 3 733 45 55 92 1044 24 47 82 1199 41 38 87
positive/1724290528.0873592.jpg 2 734 6 48 83 926 6 54 78
positive/1724290531.321381.jpg 4 531 68 55 84 500 180 44 85 752 236 56 96 236 143 42 99
positive/1724290532.6262205.jpg 4 755 219 45 90 493 59 49 81 508 205 47 77 250 153 49 83
positive/1724290534.633166.jpg 4 532 39 45 89 514 224 70 84 801 200 41 88 250 192 44 70
positive/1724290540.7521055.jpg 4 416 386 50 82 500 459 45 72 288 506 51 70 2 471 31 78
positive/1724290541.9602685.jpg 4 423 408 41 78 499 477 37 66 326 514 46 67 26 484 43 69
positive/1724290543.9324493.jpg 4 389 432 38 72 493 497 40 81 331 495 47 79 65 475 43 82
positive/1724290549.3766923.jpg 3 603 138 36 84 517 95 42 88 220 76 45 76
positive/1724290550.9856627.jpg 3 640 144 40 82 532 115 44 76 184 85 55 77
positive/1724290571.726518.jpg 1 239 149 57 87
positive/1724290574.248531.jpg 1 278 158 45 87
positive/1724290578.380428.jpg 1 621 448 67 100
positive/1724290581.8804817.jpg 1 532 428 64 94
positive/1724290585.2277768.jpg 1 439 417 74 95
positive/1724290590.57665.jpg 1 412 434 70 102
positive/1724290596.3256373.jpg 2 450 167 68 92 590 137 52 79
positive/1724290597.8312526.jpg 2 533 215 55 82 548 153 58 77
positive/1724290601.2833805.jpg 4 672 154 41 88 563 96 47 83 824 538 59 76 603 526 68 82
positive/1724290602.6572657.jpg 4 641 177 50 96 531 81 52 83 566 532 76 89 792 526 65 96
positive/1724290605.659748.jpg 3 272 136 69 97 368 281 60 96 463 545 61 78
positive/1724290608.8345473.jpg 4 651 488 53 93 950 462 50 83 933 184 48 102 820 96 54 94
positive/1724290611.158888.jpg 4 729 166 47 80 786 236 42 84 957 499 44 77 599 512 49 81
positive/1724290613.9444668.jpg 1 596 522 52 98
positive/1724290618.1375968.jpg 2 373 369 45 89 616 465 66 84
positive/1724290620.1776147.jpg 2 416 393 49 86 579 441 49 93
positive/1724290623.2776704.jpg 3 469 13 43 88 598 26 57 86 6 270 55 77
positive/1724290624.7289042.jpg 2 471 39 56 75 624 46 44 75
positive/1724290627.720591.jpg 2 581 65 44 85 486 66 44 72
positive/1724290632.672302.jpg 2 136 235 43 75 37 209 41 76
positive/1724290645.858112.jpg 1 1020 307 55 84
positive/1724290648.0590546.jpg 1 956 285 56 95
positive/1724290651.423501.jpg 1 896 243 53 94
positive/1724290696.5776818.jpg 1 4 492 47 74
positive/1724290701.4555461.jpg 2 165 329 38 88 103 297 52 90
positive/1724290705.8703914.jpg 1 200 400 52 78
positive/1724290712.350278.jpg 3 833 279 50 85 400 192 43 66 223 305 55 61
positive/1724290713.8348818.jpg 3 390 215 46 73 215 277 49 87 869 297 52 81
positive/1724290715.5503476.jpg 3 404 200 47 89 190 255 45 71 930 295 40 86
positive/1724291040.4649267.jpg 3 623 66 37 70 702 73 40 69 594 123 46 64
positive/1724291042.0050802.jpg 3 702 65 36 80 655 76 31 69 560 107 38 87
positive/1724291044.4670105.jpg 3 529 73 33 83 662 99 35 71 667 61 38 71
positive/1724291047.1280622.jpg 3 254 158 43 82 465 160 34 70 355 220 40 64
positive/1724291048.4073238.jpg 3 259 166 33 78 365 228 33 82 491 181 37 75
positive/1724291050.0373755.jpg 3 477 190 49 76 379 259 37 68 278 188 40 72
positive/1724291055.02677.jpg 3 551 193 41 74 552 137 50 62 378 56 40 73
positive/1724291081.6664042.jpg 2 847 44 43 82 1078 296 40 83
positive/1724291084.333875.jpg 2 841 368 53 86 631 107 33 80
positive/1724291087.4653072.jpg 2 855 207 38 91 1007 388 55 99
positive/1724291089.4682252.jpg 2 1065 387 45 100 908 210 46 90
positive/1724291092.2105713.jpg 2 974 241 42 88 1081 414 69 86
positive/1724291126.3162282.jpg 1 1072 253 60 99
positive/1724291133.5793743.jpg 1 1187 287 44 93
positive/1724291137.0027835.jpg 2 691 105 57 97 809 161 44 83
positive/1724291140.853966.jpg 2 406 97 42 86 376 161 51 80
positive/1724291143.0054822.jpg 2 374 95 57 81 364 200 47 71
positive/1724291145.386712.jpg 2 348 90 52 87 359 230 40 78
positive/1724291147.496416.jpg 2 384 210 48 101 292 61 66 95
positive/1724291149.7105176.jpg 2 353 198 70 84 320 71 59 98
positive/1724291165.1403081.jpg 1 554 278 54 97
positive/1724291167.3303883.jpg 1 305 348 57 93
positive/1724291169.2003167.jpg 1 258 373 66 84
positive/1724291173.0204103.jpg 1 409 158 62 91
positive/1724291174.4989004.jpg 1 369 170 53 80
positive/1724291176.2580516.jpg 1 387 149 63 96
positive/1724291179.5761192.jpg 1 817 61 49 90
positive/1724291194.926527.jpg 4 460 128 46 84 506 129 46 85 181 312 60 98 500 520 58 97
positive/1724291196.203622.jpg 4 505 165 43 78 435 120 54 97 187 314 53 90 527 486 55 101
positive/1724291197.9522216.jpg 4 529 164 40 86 408 95 53 98 223 283 53 94 516 472 58 84
positive/1724291200.1664536.jpg 4 586 168 39 90 374 112 51 76 231 265 64 93 446 480 48 85
positive/1724291203.8574827.jpg 3 401 90 47 93 274 268 45 78 507 516 44 84
positive/1724291208.0130904.jpg 3 366 305 54 86 392 43 52 80 513 523 61 92
positive/1724291210.2433512.jpg 3 418 330 60 90 348 13 55 90 471 545 51 86
positive/1724291215.2531102.jpg 3 602 76 60 79 750 421 49 81 621 598 43 56
positive/1724291218.4443288.jpg 2 601 123 49 81 849 405 39 85
positive/1724291221.8632903.jpg 3 682 88 42 71 865 306 41 76 539 506 56 80
positive/1724291223.634917.jpg 3 654 108 44 72 845 326 51 83 479 502 52 69
positive/1724291226.3348193.jpg 3 590 133 55 86 882 365 38 82 538 531 46 74
positive/1724291253.6729267.jpg 2 310 108 31 87 308 493 52 87
positive/1724291255.8485656.jpg 2 348 83 43 83 246 507 53 74
positive/1724291260.1689227.jpg 1 351 587 45 62
positive/1724291271.4515572.jpg 1 598 569 48 63
positive/1724291297.3678827.jpg 1 979 406 47 84
positive/1724291299.8438225.jpg 1 798 176 52 102
positive/1724291302.7420826.jpg 1 510 59 49 90
positive/1724291305.3452587.jpg 1 336 239 51 79
positive/1724291307.7929513.jpg 1 513 430 57 90
positive/1724291323.90145.jpg 1 471 69 51 93
positive/1724291326.921051.jpg 1 317 199 43 86
positive/1724291332.1165566.jpg 1 842 143 66 85
positive/1724291335.095053.jpg 1 386 181 61 92
positive/1724292013.1103537.jpg 2 1062 406 61 102 1161 423 35 87
positive/1724292015.0202737.jpg 2 1019 410 45 77 1170 450 39 87
positive/1724292017.4475713.jpg 2 857 224 52 87 1122 253 41 91
positive/1724292019.3839061.jpg 2 812 202 58 90 1145 230 43 80
positive/1724292022.1324797.jpg 2 447 217 38 81 893 159 42 76
positive/1724292023.3372958.jpg 2 470 249 54 91 896 186 52 76
positive/1724292025.698781.jpg 2 601 483 47 78 863 397 46 84
positive/1724292026.5922282.jpg 2 801 372 63 100 610 496 58 79
positive/1724292027.296765.jpg 2 770 359 53 92 635 496 49 87
positive/1724292030.1314564.jpg 2 836 376 51 88 813 216 34 91
positive/1724292030.6638172.jpg 2 772 221 50 93 827 367 62 100
positive/1724292031.1903763.jpg 2 730 228 61 100 825 352 51 97
positive/1724292033.462294.jpg 2 550 168 47 81 482 86 47 92
positive/1724292033.932746.jpg 2 546 186 41 86 482 102 41 85
positive/1724292034.3738027.jpg 2 546 205 43 81 483 122 39 88
positive/1724292036.446097.jpg 2 376 371 56 94 391 465 44 76
positive/1724292036.988555.jpg 2 419 371 49 86 395 467 47 88
positive/1724292037.3472173.jpg 2 446 362 57 87 407 475 37 80
positive/1724292037.6012366.jpg 2 460 366 49 88 411 477 40 82
positive/1724292037.974157.jpg 2 489 362 50 86 388 481 61 80
positive/1724292038.2791932.jpg 2 512 352 50 90 383 482 46 75
positive/1724292038.6152694.jpg 2 523 361 48 84 376 482 50 89
positive/1724292040.6187258.jpg 2 564 481 64 92 837 388 49 80
positive/1724292040.8280683.jpg 2 841 386 47 82 570 493 61 76
positive/1724292041.279125.jpg 2 845 383 51 93 582 493 53 81
positive/1724292041.6066883.jpg 2 847 374 56 93 588 498 56 78
positive/1724292041.967336.jpg 2 844 365 59 103 596 504 60 94
positive/1724292042.350122.jpg 2 842 367 57 100 607 512 58 77
positive/1724292044.2293499.jpg 1 479 503 64 86
positive/1724292044.3991108.jpg 1 480 503 48 86
positive/1724292044.7376616.jpg 1 472 504 53 88
positive/1724292045.083439.jpg 1 458 502 57 89
positive/1724292045.52807.jpg 1 446 503 49 91
positive/1724292045.9385836.jpg 1 431 510 60 90
positive/1724292046.289239.jpg 1 421 499 58 94
positive/1724292046.8403764.jpg 1 415 500 49 92
positive/1724292047.3412945.jpg 1 393 493 62 94
positive/1724292049.6200395.jpg 1 390 215 46 89
positive/1724292067.5399554.jpg 2 966 133 53 74 1037 82 37 79
positive/1724292068.2728095.jpg 2 993 137 42 77 1038 73 39 85
positive/1724292069.185138.jpg 2 1010 152 34 72 1047 68 36 72
positive/1724292069.9786737.jpg 2 1013 157 41 80 1060 74 48 76
positive/1724292070.842413.jpg 2 1008 172 48 82 1079 80 47 83
positive/1724292071.5560942.jpg 2 1016 182 43 77 1096 89 43 79
positive/1724292072.4150853.jpg 2 1032 174 45 76 1106 105 44 77
positive/1724292073.2947414.jpg 2 1051 172 46 73 1106 122 43 75
positive/1724292074.089152.jpg 2 1067 156 41 81 1114 138 41 72
positive/1724292075.0102992.jpg 2 1093 168 38 81 1126 144 42 82
positive/1724292078.1062713.jpg 2 671 94 36 90 619 81 42 95
positive/1724292078.8028948.jpg 2 613 66 45 94 671 104 35 88
positive/1724292079.4770157.jpg 2 614 63 50 94 667 111 45 88
positive/1724292080.1367652.jpg 2 584 71 61 85 671 123 48 83
positive/1724292080.8288746.jpg 2 573 68 45 83 680 120 44 87
positive/1724292081.4135747.jpg 2 554 75 63 85 681 109 48 99
positive/1724292082.4813557.jpg 2 525 70 49 96 684 93 54 100
positive/1724292083.003868.jpg 2 534 70 53 89 693 84 53 95
positive/1724292083.4787574.jpg 2 554 75 41 81 697 79 40 87
positive/1724292095.576885.jpg 2 726 2 35 75 787 0 41 63
positive/1724292098.0683382.jpg 5 521 73 53 88 255 113 62 80 386 72 63 95 428 49 36 77 423 14 49 55
positive/1724292099.3361871.jpg 5 548 53 63 82 445 62 34 74 404 67 44 81 228 125 58 77 417 1 51 59
positive/1724292100.4180443.jpg 4 575 56 56 89 434 77 49 71 356 65 44 76 217 143 50 72
positive/1724292103.8120842.jpg 5 671 93 54 96 761 94 44 94 410 158 66 96 495 51 52 88 651 7 61 77
positive/1724292105.2954087.jpg 5 739 102 49 92 666 99 58 100 479 87 65 70 618 0 60 80 370 152 75 96
positive/1724292106.2425938.jpg 5 643 100 64 92 760 111 56 101 482 102 57 71 390 172 67 83 633 11 49 79
positive/1724292107.12912.jpg 5 615 90 56 101 633 18 61 79 768 135 70 86 449 187 46 90 460 91 50 86
positive/1724292107.7712386.jpg 5 600 84 49 103 655 32 42 77 778 141 54 93 479 214 58 78 429 83 60 103
positive/1724292123.1841962.jpg 2 906 29 61 94 648 241 36 87
positive/1724292125.5901198.jpg 4 620 164 65 81 634 20 50 90 358 48 55 85 442 323 66 99
positive/1724292126.3198073.jpg 4 632 174 46 84 616 6 53 81 340 38 68 85 493 318 63 91
positive/1724292128.9881546.jpg 5 778 272 61 77 762 321 58 96 804 80 51 87 656 67 59 73 498 139 68 74
positive/1724292129.8148215.jpg 5 501 142 57 87 640 70 49 86 780 91 62 87 753 256 60 94 722 304 77 81
positive/1724292130.375927.jpg 5 689 299 75 100 753 270 60 93 767 97 60 83 633 73 54 84 514 153 69 93
positive/1724292133.8932905.jpg 4 718 229 61 91 917 208 54 101 771 54 51 103 928 25 42 96
positive/1724292137.5420048.jpg 4 396 271 57 87 474 72 60 92 701 42 46 69 730 64 47 80
positive/1724292138.1894538.jpg 4 746 65 45 100 684 30 52 91 496 88 58 74 376 268 61 92
positive/1724292138.919504.jpg 4 751 65 47 98 672 39 45 87 500 99 65 77 370 250 65 103
positive/1724292141.327598.jpg 4 427 83 54 106 485 53 50 100 550 58 65 101 434 282 57 81
positive/1724292142.027829.jpg 4 555 48 42 101 477 52 44 90 432 84 46 85 408 281 62 93
positive/1724292146.109797.jpg 3 609 86 36 89 522 66 45 99 524 302 53 104
positive/1724292146.911328.jpg 3 623 89 50 99 544 67 55 91 555 286 58 114
positive/1724292149.1817136.jpg 3 324 174 69 88 229 300 50 99 227 80 71 96
positive/1724292149.826509.jpg 3 347 182 59 98 228 85 60 90 235 296 61 96
positive/1724292153.5165207.jpg 3 758 180 43 100 545 162 61 87 494 3 50 79
positive/1724292157.1192303.jpg 3 350 170 65 101 454 368 56 101 611 380 54 108
positive/1724292157.748661.jpg 3 367 175 64 89 445 350 73 113 604 363 69 96
positive/1724292158.4945347.jpg 3 388 179 50 87 443 344 70 111 620 336 50 100
positive/1724292160.9179065.jpg 3 573 46 54 84 575 162 69 96 721 174 59 87
positive/1724292161.5966997.jpg 3 592 47 55 93 608 165 49 86 708 191 54 95
positive/1724292162.1654174.jpg 3 605 57 56 83 618 164 49 93 694 215 38 91
positive/1724292164.3761785.jpg 3 864 134 57 95 888 270 48 78 782 323 68 106
positive/1724292164.9240713.jpg 3 891 136 53 93 906 262 54 99 748 316 63 104
positive/1724292165.4901874.jpg 3 901 141 48 78 917 265 42 100 705 314 68 100
positive/1724292167.2593155.jpg 3 752 326 50 81 831 423 55 102 560 437 51 95
positive/1724292167.6872234.jpg 3 733 337 63 85 842 416 70 101 550 419 71 93
positive/1724292171.8499205.jpg 2 772 153 38 88 680 93 44 85
positive/1724292172.6503687.jpg 2 659 85 47 96 750 142 62 100
positive/1724292173.479544.jpg 2 641 76 43 84 737 144 53 86
positive/1724292174.1337595.jpg 2 647 66 49 90 748 147 51 100
positive/1724292174.8766966.jpg 2 669 54 42 92 767 153 51 83
positive/1724292177.8465152.jpg 1 619 44 38 99
positive/1724292178.450303.jpg 1 612 40 51 97
positive/1724292180.0513203.jpg 1 588 35 47 90
positive/1724292203.0143955.jpg 2 147 527 65 97 254 503 44 77
positive/1724292205.3051915.jpg 2 143 312 55 102 39 353 51 94
positive/1724292206.157913.jpg 2 166 311 47 93 68 349 44 87
positive/1724292207.4625275.jpg 2 197 297 54 80 78 359 58 101
positive/1724292208.3444467.jpg 2 208 294 59 83 103 376 44 78
positive/1724292211.5554867.jpg 1 173 269 59 81
positive/1724292213.9518776.jpg 2 156 278 52 82 60 414 48 90
positive/1724292214.7702265.jpg 2 171 284 60 94 41 411 49 93
positive/1724292215.9316561.jpg 2 206 302 55 82 70 411 45 89
positive/1724292238.7217238.jpg 2 881 145 57 94 925 78 57 88
positive/1724292239.6292489.jpg 2 830 170 48 74 943 84 57 97
positive/1724292240.7171612.jpg 2 784 199 37 81 957 104 51 81
positive/1724292241.5531936.jpg 2 725 227 62 73 985 97 46 92
positive/1724292243.7813942.jpg 2 681 236 34 89 1058 95 57 95
positive/1724292247.9598935.jpg 2 727 343 61 85 601 395 75 109
positive/1724292250.2141936.jpg 2 347 374 51 102 294 422 59 99
positive/1724292251.0827458.jpg 2 397 345 51 109 335 392 57 103
positive/1724292254.1757538.jpg 2 758 123 50 96 795 76 47 67
positive/1724292254.729186.jpg 2 745 148 48 77 741 70 65 92
positive/1724292255.5317411.jpg 2 714 179 69 91 725 95 62 85
positive/1724292256.232647.jpg 2 698 206 65 79 715 118 58 71
positive/1724292256.747164.jpg 2 698 134 61 87 686 215 59 77
positive/1724292259.542801.jpg 2 480 369 54 79 464 419 54 93
positive/1724292260.0400064.jpg 2 504 353 59 76 473 402 61 97
positive/1724292260.4446254.jpg 2 520 330 60 94 486 391 60 91
positive/1724292261.9688714.jpg 2 362 319 33 94 304 367 53 91
positive/1724292262.25222.jpg 2 364 311 54 106 302 364 68 95
positive/1724292262.8091826.jpg 2 400 301 51 101 340 340 62 107
positive/1724292263.622485.jpg 2 443 272 56 112 377 309 63 130
positive/1724292263.7967687.jpg 2 463 277 50 110 387 313 64 102
positive/1724292266.187938.jpg 2 559 478 50 120 484 474 56 115
positive/1724292266.5102098.jpg 2 565 471 60 116 489 474 63 107
positive/1724292266.8427844.jpg 2 569 453 47 111 510 462 48 110
positive/1724292267.1602921.jpg 2 513 451 49 109 579 450 39 110
positive/1724292267.4592416.jpg 2 574 437 44 103 527 443 45 115
positive/1724292267.8024704.jpg 2 541 431 38 112 579 417 40 118
positive/1724292268.1257207.jpg 2 588 409 58 116 527 418 50 118
positive/1724292268.4759219.jpg 2 590 395 38 104 539 424 45 102
positive/1724292268.8201203.jpg 2 598 389 42 96 541 408 40 100
positive/1724292269.2028174.jpg 2 534 392 45 98 597 378 47 99
positive/1724292367.2121713.jpg 4 811 66 50 89 1061 70 59 89 629 82 36 69 599 138 49 75
positive/1724292369.6294537.jpg 4 518 100 62 100 769 178 48 84 289 197 46 87 364 246 46 84
positive/1724292370.3669775.jpg 4 732 202 72 92 525 96 61 94 389 267 37 82 296 212 51 89
positive/1724292372.9661386.jpg 4 722 169 52 78 640 76 60 83 430 78 65 80 413 178 68 89
positive/1724292373.7949693.jpg 4 697 197 56 84 645 106 50 81 458 101 61 74 462 190 50 95
positive/1724292376.7254987.jpg 4 502 441 48 105 627 458 45 88 567 542 53 80 593 612 42 47
positive/1724292377.388526.jpg 3 627 416 55 97 505 417 59 98 602 513 40 101
positive/1724292378.2244015.jpg 3 628 390 48 101 534 397 53 95 560 496 71 74
positive/1724292380.7377622.jpg 3 822 251 61 84 923 281 43 74 857 329 48 88
positive/1724292381.1182368.jpg 3 800 253 57 87 882 275 62 84 837 315 45 96
positive/1724292384.528953.jpg 4 915 292 62 110 741 127 44 88 713 152 35 78 661 128 53 82
positive/1724292385.0099037.jpg 4 914 290 66 111 723 120 57 100 696 168 43 82 664 140 47 88
positive/1724292387.1952956.jpg 4 802 231 65 80 838 293 40 75 780 336 57 100 1147 423 49 90
positive/1724292387.6117406.jpg 4 812 227 64 89 785 287 67 86 743 331 75 101 1137 429 72 90
positive/1724292390.0289183.jpg 3 556 127 53 74 531 205 62 82 972 304 82 108
positive/1724292390.4995918.jpg 3 536 129 70 87 547 219 66 90 993 295 57 106
positive/1724292392.7102633.jpg 2 428 371 68 111 740 498 65 104
positive/1724292393.0268586.jpg 2 450 366 61 105 724 505 61 89
positive/1724292398.3611555.jpg 1 521 223 61 83
positive/1724292399.0476403.jpg 1 513 239 63 114
positive/1724292410.0315368.jpg 3 774 242 66 105 927 225 60 109 580 0 40 76
positive/1724292412.4318094.jpg 3 813 325 58 95 959 308 71 99 835 52 56 86
positive/1724292418.5715902.jpg 2 741 309 71 103 711 453 57 77
positive/1724292428.7094948.jpg 2 908 336 71 115 835 294 52 83
positive/1724292435.655103.jpg 3 638 153 38 87 626 75 47 73 737 8 55 104
positive/1724292437.7841094.jpg 3 399 68 64 91 388 195 62 82 440 231 48 97
positive/1724292438.2025166.jpg 3 385 76 70 83 417 206 49 86 470 249 48 88
positive/1724292438.7675912.jpg 3 359 74 85 91 423 229 63 72 505 268 33 92
positive/1724292442.7332768.jpg 2 470 89 65 77 420 293 68 111
positive/1724292443.3314729.jpg 2 467 84 54 92 460 282 57 104
positive/1724292444.2797806.jpg 2 448 83 47 73 533 281 46 94
positive/1724292444.9436567.jpg 2 463 99 59 91 564 272 43 103
positive/1724292445.69444.jpg 2 480 123 63 100 553 274 47 99
positive/1724292446.3722572.jpg 2 492 150 67 86 551 285 54 94
positive/1724292447.0776882.jpg 2 515 165 53 101 552 279 51 96
positive/1724292456.494082.jpg 2 344 367 69 100 545 388 45 91
positive/1724292456.8508668.jpg 2 390 409 46 86 590 415 42 91
positive/1724292458.750027.jpg 3 640 450 49 90 8 520 39 92 820 401 51 97
positive/1724292459.187993.jpg 3 647 454 54 90 6 523 46 88 819 384 40 107
positive/1724292459.742972.jpg 2 663 463 57 77 791 362 70 103
positive/1724292461.6612294.jpg 4 141 307 60 101 38 288 57 88 760 204 49 103 819 122 57 77
positive/1724292462.1938133.jpg 4 717 196 60 101 810 122 65 87 146 297 57 106 29 283 61 90
positive/1724292462.67989.jpg 4 680 200 63 91 792 145 54 79 132 309 64 86 25 282 49 99
positive/1724292463.0669603.jpg 4 673 211 60 95 766 162 72 66 139 316 52 91 25 275 42 91
positive/1724292465.6889377.jpg 4 732 212 55 79 823 202 60 91 279 295 53 99 104 216 62 93
positive/1724292466.13269.jpg 4 721 238 54 78 792 221 45 87 304 303 68 92 90 232 74 80
positive/1724292466.533698.jpg 4 759 219 53 87 698 235 49 91 329 303 77 102 93 240 51 70
positive/1724292468.7427146.jpg 4 203 404 60 99 584 423 83 96 807 366 58 109 889 395 47 106
positive/1724292469.1680832.jpg 4 796 359 55 99 887 384 50 102 596 400 82 101 177 396 89 105
positive/1724292473.5522509.jpg 3 85 363 45 85 572 346 52 96 724 296 55 98
positive/1724292473.9628527.jpg 3 693 287 63 86 574 347 62 91 86 355 69 86
